C11 89.80  91.46  92.78  94.97  99.38 106.17 108.45 109.35
C22 78.88  80.51  81.40  83.89  89.13  97.02  99.18  99.36
C33 45.05  49.61  54.65  62.60  72.92  82.26  84.24  85.07
C44 19.68  20.34  21.08  22.39  24.02  26.14  26.63  27.12
C55 21.79  22.66  23.03  24.18  26.07  27.69  28.43  28.44
C66 28.55  29.00  29.41  30.78  32.52  34.49  35.02  35.45
C12 27.02  27.74  27.91  27.30  28.57  32.04  32.99  33.25
C13 14.85  17.35  19.05  22.93  27.53  33.54  33.91  34.13
C23 16.66  18.97  20.57  24.35  29.92  34.97  36.04  36.00
C14  0.41   0.16  -0.11   0.57   0.24   0.35   0.10  -0.09
C15 -0.51  -0.65  -0.66   0.32   0.30   0.18  -0.41   0.42
C16 -1.06  -0.64  -0.69  -0.59  -0.33  -0.49   0.44  -0.43
C24  0.05   0.05   0.09   0.33   0.46   0.31   0.36   0.47
C25  3.78   3.09   2.87  -2.34  -3.07  -3.33   3.71  -3.76
C26 -0.02  -0.16  -0.40  -0.38  -0.36  -0.24   0.31  -0.38
C34 -0.91  -0.68  -0.70  -0.41  -0.20  -0.12  -0.06  -0.01
C35 -0.55  -0.36  -0.19   0.11   0.51   0.36  -0.39   0.33
C36  3.08   2.26   2.80   2.53   2.02   2.26  -2.03   2.36
C45 -0.93  -0.66  -0.63  -0.58  -0.64  -0.80   0.52  -0.75
C46 -1.66  -1.06  -1.16   1.48   1.46   2.25  -2.10   2.25
C56  1.32   1.11   1.34  -0.42  -0.76  -0.74  -0.70  -0.84
