C11 59.3  60.1  58.7  57.6  48.1  53.1  49.5  32.9   33    8.7
C22 62.6  62.5  61    59.8  51.4  55.1  51.2  34     34.1  8.6
C33 62.9  61    61.3  60.8  50.1  55.4  52.2  35.7   35.3  8.9
C44 20.7  20.4  20    19.9  16.7  18.1  17    11.5   11.5  3
C55 20.5  20.4  20.1  19.9  16.7  18.2  17.1  11.5   11.6  3
C66 20.7  20.4  20.1  19.8  16.8  18.1  17    11.4   11.5  3
C12 20.9  20.7  20.2  19.5  16.8  17.9  16.8  10.9   11    3.1
C13 20.1  20.1  19.4  19.5  16.5  17.7  16.7  11.2   11.5  3
C14  0.1   0.4   0.6   0.3   0.3   0.6   0.3   0.3    0.4  0
C15  1.2   1.2   1.1   1.4   1.2   1.1   1.4   0.8    0.8  0.3
C16  1.3   1.6   1.7   1.9   1.4   1.6   1.8   1.4    1.3  0.7
C23 20.6  20.1  19.4  19.8  16.7  17.5  16.8  11.3   11.8  3.1
C24  0.5  -0.2   0.4   0.4    0    0.2   0.2  -0.1   -0.4  0
C25  0.4  0.7    0.5   0.6   0.5   0.5   0.6   0.3    0.3  0.1
C26  1.8  1.3    1.6   1.5   1.8   1.5   1.6   1.5    1.4  0.5
C34  0.4  0.1    0.3   0.4   0.1   0.2   0.1  -0.1   -0.2 -0.2
C35  1.5  2      1.9   2     1.9   1.7   1.7   1.2    1.2  0.4
C36  1    0.9    1     1.2   1.2   0.9   0.9   0.9    1    0.5
C45  0.2  0.2    0.1   0.2   0.2   0.1   0.1   0.1    0.2  0.1
C46  0.1  0.1    0.1   0.1   0.1   0.1   0.1   0.1    0.1  0
C56  0	  0.1    0.2   0.1   0.1   0.2   0.1   0.1    0.1  0
