C11 102.1 101.2 103.2 102.1  47.6 101.4   3.5  99.5
C12  33.0  32.9  32.4  32.3  16.7  34.8   1.3  32.8
C13  32.7  32.3  32.2  31.7  16.3  34.4   1.3  33.0
C14   0.3   0.4   0.3   0.5   0.1   0.2   0     0.7
C15   0.5   0.3   0.5   0.4  -1.1   0.6  -0.2  -0.2
C16   1.1   0.9   1.3   1.1  -2     0.7  -0.5   0.8
C22 101.2 101.8 102.0 102.9  51.1 100.8   3.4  99.3
C23  32.1  32.4  31.5  31.8  16.8  33.4   1.2  33.2
C24   0.0   0.5   0.0   0.6   0     0.9  -0.1   1.0
C25   0.3   0.5   0.3   0.5  -0.6   0.9  -0.1   0.5
C26   0.9   0.9   1.1   1.2  -2.1   1    -0.4   1.0
C33 101.0 101.1 101.7 101.9  51.7 104.4   3.4 102.3
C34   0.3   0.3   0.4   0.4   0.2   0.9  -0.1   0.6
C35   0.2   0.0   0.3   0.1  -1.8   0.4  -0.2   0
C36   1.0   1.0   1.1   1.1  -1.2   0.4  -0.2   0.7
C44  34.0  34.1  34.7  34.8  16.8  34.1   1.2  33.5
C45   0.3   0.2   0.4   0.3  -0.2   0.1   0     0.1
C46   0.0   0.3   0.1   0.3  -0.2   0.2   0     0.1
C55  34.4  34.3  35.1  35.0  16.8  34.3   1.2  33.5
C56   0.1   0.1   0.1   0.2   0.1   0     0     0.1
C66  34.6  34.6  35.3  35.3  16.8  34.4   1.3  33.4
