187.4 188.4 136.9 185.3
179.8 178.8 157.9 189.3
 83.6  69.3  79.3  82.5
 13.7  15.2  11.5  14.2
 16.0  14.1  13.0  15.3
 61.1  60.9  63.9  58.0
 70.5  69.7  42.0  66.6
  4.8   3.0   5.5   5.0
 -0.5   0.0   0.8   0.0
  0.2  -0.1   3.6   1.1
 -7.5   0.0   0.0  -3.7
  6.0   2.0  13.6   6.8
  0.4   0.0   0.5   0.0
 -0.3   1.5   1.7   0.5
  0.8   0.0   0.0   0.3
 -4.3   0.0   0.4  -2.1
 -2.6   1.9   1.1   2.0
  0.7   0.0   0.0   0.1
 -0.2   0.0 - 0.5  -0.4
 -0.9   0.4   0.6  -0.9
  0.2   0.0   0.0  -0.4
