    -30.000000     60.503792      0.000000  5.104696e+00  1.701565e+00  1.701565e+00  0.000000e+00  0.000000e+00  0.000000e+00  23
     30.000000    -60.503792      0.000000 -1.701565e+00 -1.701565e+00 -5.104696e+00  0.000000e+00  0.000000e+00  0.000000e+00  23
      0.000000     67.500000      0.000000  4.537338e+00  3.010230e+00  1.483123e+00  0.000000e+00  0.000000e+00  0.000000e+00  23
      0.000000     45.000000      0.000000  5.125657e+00  2.303930e+00 -5.177966e-01  0.000000e+00  0.000000e+00  0.000000e+00  23
      0.000000     22.500000      0.000000  4.933642e+00  1.246878e+00 -2.439886e+00  0.000000e+00  0.000000e+00  0.000000e+00  23
      0.000000    -22.500000      0.000000  2.439886e+00 -1.246878e+00 -4.933642e+00  0.000000e+00  0.000000e+00  0.000000e+00  23
      0.000000    -45.000000      0.000000  5.177966e-01 -2.303930e+00 -5.125657e+00  0.000000e+00  0.000000e+00  0.000000e+00  23
      0.000000    -67.500000      0.000000 -1.483123e+00 -3.010230e+00 -4.537338e+00  0.000000e+00  0.000000e+00  0.000000e+00  23
    -20.000000      0.000000      0.000000  4.537857e+00 -1.575981e+00 -2.961876e+00  0.000000e+00  0.000000e+00  0.000000e+00  23
    -10.000000      0.000000      0.000000  4.329973e+00 -8.001467e-01 -3.529826e+00  0.000000e+00  0.000000e+00  0.000000e+00  23
      0.000000      0.000000      0.000000  3.990525e+00  0.000000e+00 -3.990525e+00  0.000000e+00  0.000000e+00  0.000000e+00  23
     10.000000      0.000000      0.000000  3.529826e+00  8.001467e-01 -4.329973e+00  0.000000e+00  0.000000e+00  0.000000e+00  23
     20.000000      0.000000      0.000000  2.961876e+00  1.575981e+00 -4.537857e+00  0.000000e+00  0.000000e+00  0.000000e+00  23
    -18.434949     24.094843      0.000000  5.451158e+00  0.000000e+00 -1.460633e+00  0.000000e+00  0.000000e+00  0.000000e+00  23
     -8.793977     12.200004      0.000000  4.887375e+00  0.000000e+00 -2.821727e+00  0.000000e+00  0.000000e+00  0.000000e+00  23
      8.793977    -12.200004      0.000000  2.821727e+00  0.000000e+00 -4.887375e+00  0.000000e+00  0.000000e+00  0.000000e+00  23
     18.434949    -24.094843      0.000000  1.460633e+00  0.000000e+00 -5.451158e+00  0.000000e+00  0.000000e+00  0.000000e+00  23
      0.000000     89.999000      0.000000  3.258319e+00  3.258250e+00  3.258180e+00  0.000000e+00  0.000000e+00  0.000000e+00  23
    -30.000000     33.264400      0.000000  5.640016e+00 -1.392666e-01 -1.392666e-01  0.000000e+00  0.000000e+00  0.000000e+00  23
    -30.000000     17.632195      0.000000  5.378328e+00 -1.208752e+00 -1.208752e+00  0.000000e+00  0.000000e+00  0.000000e+00  23
    -30.000000      0.000000      0.000000  4.607861e+00 -2.303930e+00 -2.303930e+00  0.000000e+00  0.000000e+00  0.000000e+00  23
    -30.000000    -18.245203      0.000000  3.356095e+00 -3.208208e+00 -3.208208e+00  0.000000e+00  0.000000e+00  0.000000e+00  23
    -30.000000    -36.490407      0.000000  1.766877e+00 -3.789902e+00 -3.789902e+00  0.000000e+00  0.000000e+00  0.000000e+00  23
    -30.000000    -52.735600      0.000000  1.969547e-01 -3.988094e+00 -3.988094e+00  0.000000e+00  0.000000e+00  0.000000e+00  23
      0.000000    -89.999000      0.000000 -3.258180e+00 -3.258250e+00 -3.258319e+00  0.000000e+00  0.000000e+00  0.000000e+00  23
     30.000000    -33.264400      0.000000  1.392666e-01  1.392666e-01 -5.640016e+00  0.000000e+00  0.000000e+00  0.000000e+00  23
     30.000000    -17.632195      0.000000  1.208752e+00  1.208752e+00 -5.378328e+00  0.000000e+00  0.000000e+00  0.000000e+00  23
     30.000000      0.000000      0.000000  2.303930e+00  2.303930e+00 -4.607861e+00  0.000000e+00  0.000000e+00  0.000000e+00  23
     30.000000     18.245203      0.000000  3.208208e+00  3.208208e+00 -3.356095e+00  0.000000e+00  0.000000e+00  0.000000e+00  23
     30.000000     36.490407      0.000000  3.789902e+00  3.789902e+00 -1.766877e+00  0.000000e+00  0.000000e+00  0.000000e+00  23
     30.000000     52.735600      0.000000  3.988094e+00  3.988094e+00 -1.969547e-01  0.000000e+00  0.000000e+00  0.000000e+00  23
