    -30.000000     60.503792      0.000000  4.604713e+00  1.806589e+00  2.096525e+00 -5.521778e-01  1.070806e+00 -2.036671e-01  23
     30.000000    -60.503792      0.000000 -1.702289e+00 -4.289473e+00 -2.516065e+00  4.328335e-02  2.428241e-02 -1.451843e+00  23
      0.000000     67.500000      0.000000  4.312652e+00  1.896071e+00  2.821968e+00 -2.283593e-01  4.914058e-01 -7.428873e-01  23
      0.000000     45.000000      0.000000  4.710493e+00  2.452323e-01  1.956066e+00 -4.219530e-01  9.079995e-01 -1.372677e+00  23
      0.000000     22.500000      0.000000  4.391203e+00 -1.442941e+00  7.923719e-01 -5.513081e-01  1.186359e+00 -1.793489e+00  23
      0.000000    -22.500000      0.000000  1.897447e+00 -3.936697e+00 -1.701384e+00 -5.513081e-01  1.186359e+00 -1.793489e+00  23
      0.000000    -45.000000      0.000000  1.026317e-01 -4.362629e+00 -2.651795e+00 -4.219530e-01  9.079995e-01 -1.372677e+00  23
      0.000000    -67.500000      0.000000 -1.707808e+00 -4.124390e+00 -3.198493e+00 -2.283593e-01  4.914058e-01 -7.428873e-01  23
    -20.000000      0.000000      0.000000  3.639325e+00 -2.441204e+00 -1.198121e+00 -9.743791e-01  1.933628e+00 -9.571449e-01  23
    -10.000000      0.000000      0.000000  3.575682e+00 -2.717608e+00 -8.580734e-01 -7.976738e-01  1.633686e+00 -1.471558e+00  23
      0.000000      0.000000      0.000000  3.403393e+00 -2.911439e+00 -4.919541e-01 -5.967316e-01  1.284105e+00 -1.941258e+00  23
     10.000000      0.000000      0.000000  3.127694e+00 -3.016807e+00 -1.108869e-01 -3.776580e-01  8.955076e-01 -2.351974e+00  23
     20.000000      0.000000      0.000000  2.756961e+00 -3.030511e+00  2.735495e-01 -1.471095e-01  4.797004e-01 -2.691227e+00  23
    -18.434949     24.094843      0.000000  4.649970e+00 -9.425089e-01  2.830636e-01 -8.659048e-01  1.725647e+00 -9.493706e-01  23
     -8.793977     12.200004      0.000000  4.168727e+00 -1.994950e+00 -1.081297e-01 -7.571163e-01  1.557962e+00 -1.496299e+00  23
      8.793977    -12.200004      0.000000  2.406123e+00 -3.629518e+00 -8.422526e-01 -3.956807e-01  9.227386e-01 -2.253923e+00  23
     18.434949    -24.094843      0.000000  1.244879e+00 -4.100251e+00 -1.135153e+00 -1.676647e-01  4.984888e-01 -2.412987e+00  23
      0.000000     89.999000      0.000000  3.258309e+00  3.258199e+00  3.258241e+00 -1.041493e-05  2.241186e-05 -3.388135e-05  23
    -30.000000     33.264400      0.000000  4.790931e+00  3.908794e-02  5.314639e-01 -9.377223e-01  1.818470e+00 -3.458725e-01  23
    -30.000000     17.632195      0.000000  4.410563e+00 -1.005468e+00 -4.442701e-01 -1.068792e+00  2.072646e+00 -3.942167e-01  23
    -30.000000      0.000000      0.000000  3.592389e+00 -2.090626e+00 -1.501764e+00 -1.121478e+00  2.174818e+00 -4.136497e-01  23
    -30.000000    -18.245203      0.000000  2.391676e+00 -3.005627e+00 -2.446370e+00 -1.065096e+00  2.065479e+00 -3.928536e-01  23
    -30.000000    -36.490407      0.000000  9.504818e-01 -3.618415e+00 -3.144995e+00 -9.016198e-01  1.748459e+00 -3.325564e-01  23
    -30.000000    -52.735600      0.000000 -4.179073e-01 -3.858939e+00 -3.502386e+00 -6.790485e-01  1.316839e+00 -2.504624e-01  23
      0.000000    -89.999000      0.000000 -3.258190e+00 -3.258301e+00 -3.258258e+00 -1.041493e-05  2.241186e-05 -3.388135e-05  23
     30.000000    -33.264400      0.000000  1.380372e-01 -4.255583e+00 -1.243937e+00  7.350487e-02  4.123701e-02 -2.465557e+00  23
     30.000000    -17.632195      0.000000  1.207350e+00 -3.800387e+00 -3.677887e-01  8.377899e-02  4.700090e-02 -2.810179e+00  23
     30.000000      0.000000      0.000000  2.302460e+00 -2.952134e+00  6.496742e-01  8.790889e-02  4.931782e-02 -2.948708e+00  23
     30.000000     18.245203      0.000000  3.206812e+00 -1.783610e+00  1.637119e+00  8.348930e-02  4.683838e-02 -2.800463e+00  23
     30.000000     36.490407      0.000000  3.788720e+00 -4.357448e-01  2.459952e+00  7.067492e-02  3.964938e-02 -2.370633e+00  23
     30.000000     52.735600      0.000000  3.987203e+00  8.055778e-01  2.986451e+00  5.322831e-02  2.986164e-02 -1.785425e+00  23
